88
1 1 0
1
1
1 2 1
*
*
2 3 0
1
$
2 2 1
$
$
3 3 0
$
$
3 3 0
*
*
3 4 1
1
$
4 4 1
$
$
4 4 1
*
*
4 4 1
1
1
4 4 1
=
=
3 3 0
=
=
3 5 1
λ
λ
5 5 1
$
1
5 2 1
*
*
4 6 0
λ
1
6 6 0
=
=
6 6 0
1
1
6 3 0
$
$
2 7 0
=
λ
7 7 0
*
λ
7 7 0
1
λ
7 7 0
$
λ
0 0 1
1
1
9 9 0
1
1
9 9 0
#
#
9 10 1
λ
λ
10 11 1
1
t
11 11 1
1
1
11 11 1
#
#
11 12 1
&
&
12 13 1
λ
λ
13 13 1
1
1
13 13 1
*
*
14 14 0
λ
λ
14 14 0
1
1
14 14 0
*
*
14 9 0
&
&
13 14 0
λ
1
9 10 1
t
t
10 15 0
#
#
15 15 0
t
1
15 16 1
λ
λ
16 16 1
1
1
16 16 1
#
#
16 16 1
&
&
16 17 1
λ
λ
17 17 1
1
1
17 14 0
λ
*
17 18 1
*
*
18 18 1
1
1
18 1 0
λ
=
7 19 0
λ
λ
19 19 0
&
&
19 20 1
1
&
21 21 0
&
&
21 22 1
1
1
22 22 1
&
&
22 22 1
λ
λ
22 23 0
1
λ
20 21 0
&
&
23 24 1
λ
1
24 25 1
λ
λ
25 23 0
1
λ
25 26 0
λ
λ
26 26 0
λ
λ
26 27 0
1
1
27 27 0
1
1
27 22 1
λ
λ
27 17 1
&
λ
21 28 1
#
#
28 28 1
&
&
28 29 0
λ
λ
29 29 0
&
λ
29 29 0
#
λ
29 29 0
1
λ
29 -1 0
λ
λ
0 30 1
#
#
30 30 1
1
1
30 31 0
λ
λ
31 32 0
1
&
32 33 1
#
λ
33 33 1
&
λ
33 -1 1
λ
λ
32 9 0
1
1
31 34 0
#
λ
34 34 0
1
λ
34 -1 0
λ
1
